{
"lowlevel": {
    "average_loudness": 0.545008718967,
    "barkbands_crest": {
        "dmean": 2.20202851295,
        "dmean2": 3.49447751045,
        "dvar": 5.11155319214,
        "dvar2": 13.3054285049,
        "max": 26.6859035492,
        "mean": 9.15104007721,
        "median": 8.25606918335,
        "min": 2.64148235321,
        "var": 13.803393364
    },
    "barkbands_flatness_db": {
        "dmean": 0.0211330316961,
        "dmean2": 0.0318094566464,
        "dvar": 0.000464131793706,
        "dvar2": 0.00105304759927,
        "max": 0.490208417177,
        "mean": 0.129578530788,
        "median": 0.12085659802,
        "min": 0.0230392590165,
        "var": 0.00284875719808
    },
    "barkbands_kurtosis": {
        "dmean": 4.4731631279,
        "dmean2": 6.69475030899,
        "dvar": 1062.68994141,
        "dvar2": 2235.62841797,
        "max": 1398.42163086,
        "mean": 8.74904251099,
        "median": 1.7869759798,
        "min": -1.96360898018,
        "var": 5263.22753906
    },
    "barkbands_skewness": {
        "dmean": 0.555219948292,
        "dmean2": 0.831816077232,
        "dvar": 0.770940899849,
        "dvar2": 1.42777633667,
        "max": 12.7385663986,
        "mean": 1.19833493233,
        "median": 1.3060696125,
        "min": -31.9790859222,
        "var": 5.66382598877
    },
    "barkbands_spread": {
        "dmean": 7.23149871826,
        "dmean2": 11.1344871521,
        "dvar": 125.959381104,
        "dvar2": 276.13092041,
        "max": 120.20526123,
        "mean": 25.7499294281,
        "median": 21.4175701141,
        "min": 0.145304515958,
        "var": 322.468536377
    },
    "dissonance": {
        "dmean": 0.0202783290297,
        "dmean2": 0.0327447615564,
        "dvar": 0.000493920175359,
        "dvar2": 0.00122688000556,
        "max": 0.5,
        "mean": 0.441803008318,
        "median": 0.451134622097,
        "min": 0.210539102554,
        "var": 0.00186574365944
    },
    "dynamic_complexity": 4.95183420181,
    "erbbands_crest": {
        "dmean": 2.45410776138,
        "dmean2": 3.92879414558,
        "dvar": 5.53999757767,
        "dvar2": 14.8191432953,
        "max": 26.2678871155,
        "mean": 9.63928031921,
        "median": 8.91994762421,
        "min": 2.64335250854,
        "var": 17.0388889313
    },
    "erbbands_flatness_db": {
        "dmean": 0.0179137475789,
        "dmean2": 0.0249227304012,
        "dvar": 0.000330906797899,
        "dvar2": 0.000653512543067,
        "max": 0.348186194897,
        "mean": 0.152656167746,
        "median": 0.144417539239,
        "min": 0.0566874928772,
        "var": 0.00234776851721
    },
    "erbbands_kurtosis": {
        "dmean": 1.36850297451,
        "dmean2": 2.1392531395,
        "dvar": 13.8736190796,
        "dvar2": 34.9345741272,
        "max": 99.5992050171,
        "mean": 1.36798262596,
        "median": -0.148610085249,
        "min": -1.78809452057,
        "var": 37.4704666138
    },
    "erbbands_skewness": {
        "dmean": 0.395070821047,
        "dmean2": 0.581857860088,
        "dvar": 0.233247026801,
        "dvar2": 0.523624658585,
        "max": 3.81022191048,
        "mean": 0.254265069962,
        "median": 0.280386209488,
        "min": -7.06771087646,
        "var": 1.17308342457
    },
    "erbbands_spread": {
        "dmean": 8.75750827789,
        "dmean2": 13.0684709549,
        "dvar": 123.202468872,
        "dvar2": 272.795074463,
        "max": 148.217285156,
        "mean": 41.1952552795,
        "median": 38.4599876404,
        "min": 2.78924775124,
        "var": 435.718109131
    },
    "hfc": {
        "dmean": 4.38364553452,
        "dmean2": 6.51872253418,
        "dvar": 52.867023468,
        "dvar2": 120.159461975,
        "max": 123.104202271,
        "mean": 17.0863838196,
        "median": 9.6463432312,
        "min": 1.249751718e-016,
        "var": 300.108276367
    },
    "melbands_crest": {
        "dmean": 2.78642296791,
        "dmean2": 4.54487466812,
        "dvar": 8.90111255646,
        "dvar2": 24.474237442,
        "max": 37.4832763672,
        "mean": 12.4706583023,
        "median": 11.4924860001,
        "min": 1.75840461254,
        "var": 21.9002952576
    },
    "melbands_flatness_db": {
        "dmean": 0.0256333705038,
        "dmean2": 0.0386148132384,
        "dvar": 0.000740933406632,
        "dvar2": 0.00173731928226,
        "max": 0.476493626833,
        "mean": 0.188991352916,
        "median": 0.18631452322,
        "min": 0.0058277877979,
        "var": 0.0024999207817
    },
    "melbands_kurtosis": {
        "dmean": 5.42688322067,
        "dmean2": 8.59357070923,
        "dvar": 99.6725463867,
        "dvar2": 246.695922852,
        "max": 266.624328613,
        "mean": 10.8238983154,
        "median": 6.90149021149,
        "min": -1.97449207306,
        "var": 169.891830444
    },
    "melbands_skewness": {
        "dmean": 0.650755047798,
        "dmean2": 1.00782132149,
        "dvar": 0.599927961826,
        "dvar2": 1.38737344742,
        "max": 12.7943964005,
        "mean": 2.41197156906,
        "median": 2.29387569427,
        "min": -3.90392589569,
        "var": 1.95297586918
    },
    "melbands_spread": {
        "dmean": 10.2628526688,
        "dmean2": 16.231754303,
        "dvar": 492.987121582,
        "dvar2": 1205.94274902,
        "max": 294.639587402,
        "mean": 30.9575386047,
        "median": 21.0596046448,
        "min": 0.74005395174,
        "var": 1528.09399414
    },
    "pitch_salience": {
        "dmean": 0.0673698335886,
        "dmean2": 0.109749242663,
        "dvar": 0.00447676703334,
        "dvar2": 0.0118294628337,
        "max": 0.950906813145,
        "mean": 0.586827218533,
        "median": 0.589638948441,
        "min": 0.135434091091,
        "var": 0.0132983969525
    },
    "silence_rate_20dB": {
        "dmean": 0,
        "dmean2": 0,
        "dvar": 0,
        "dvar2": 0,
        "max": 1,
        "mean": 1,
        "median": 1,
        "min": 1,
        "var": 0
    },
    "silence_rate_30dB": {
        "dmean": 0.0226835012436,
        "dmean2": 0.0453767105937,
        "dvar": 0.022168058902,
        "dvar2": 0.0612940527499,
        "max": 1,
        "mean": 0.98630720377,
        "median": 1,
        "min": 0,
        "var": 0.0135050518438
    },
    "silence_rate_60dB": {
        "dmean": 0.020971538499,
        "dmean2": 0.0419520549476,
        "dvar": 0.0205329842865,
        "dvar2": 0.0483226664364,
        "max": 1,
        "mean": 0.12387676537,
        "median": 0,
        "min": 0,
        "var": 0.108534522355
    },
    "spectral_centroid": {
        "dmean": 255.745239258,
        "dmean2": 390.892486572,
        "dvar": 130392.570313,
        "dvar2": 283053.96875,
        "max": 10829.6777344,
        "mean": 1480.99938965,
        "median": 1231.83935547,
        "min": 300.558044434,
        "var": 1142592
    },
    "spectral_complexity": {
        "dmean": 2.5349881649,
        "dmean2": 3.98501706123,
        "dvar": 8.6119852066,
        "dvar2": 19.6518344879,
        "max": 56,
        "mean": 15.8380403519,
        "median": 12,
        "min": 0,
        "var": 141.792221069
    },
    "spectral_decrease": {
        "dmean": 1.81280312983e-009,
        "dmean2": 2.88852608499e-009,
        "dvar": 1.52169899108e-017,
        "dvar2": 3.76193040649e-017,
        "max": 1.04923178198e-015,
        "mean": -5.35997290996e-009,
        "median": -2.89622259508e-009,
        "min": -5.04995227857e-008,
        "var": 4.06828303292e-017
    },
    "spectral_energy": {
        "dmean": 0.00703561119735,
        "dmean2": 0.0111531689763,
        "dvar": 0.00022170804732,
        "dvar2": 0.000544112408534,
        "max": 0.193660512567,
        "mean": 0.0217795595527,
        "median": 0.0120092118159,
        "min": 1.1020175103e-020,
        "var": 0.000635663338471
    },
    "spectral_energyband_high": {
        "dmean": 0.000345488660969,
        "dmean2": 0.000517025764566,
        "dvar": 5.02239515754e-007,
        "dvar2": 1.02651745237e-006,
        "max": 0.0133543126285,
        "mean": 0.000815256731585,
        "median": 0.000258810730884,
        "min": 7.75999135269e-021,
        "var": 1.64746961673e-006
    },
    "spectral_energyband_low": {
        "dmean": 0.00486624054611,
        "dmean2": 0.00810742750764,
        "dvar": 0.000179209862836,
        "dvar2": 0.000458866154077,
        "max": 0.176746308804,
        "mean": 0.00842482596636,
        "median": 0.00205308431759,
        "min": 3.87268005799e-023,
        "var": 0.000265736220172
    },
    "spectral_energyband_middle_high": {
        "dmean": 0.000986554659903,
        "dmean2": 0.00149411789607,
        "dvar": 2.8301913062e-006,
        "dvar2": 7.02323814039e-006,
        "max": 0.027617149055,
        "mean": 0.00383266690187,
        "median": 0.00206580827944,
        "min": 1.78128881854e-021,
        "var": 2.2053016437e-005
    },
    "spectral_energyband_middle_low": {
        "dmean": 0.00367390643805,
        "dmean2": 0.00596037879586,
        "dvar": 7.60408947826e-005,
        "dvar2": 0.000205434655072,
        "max": 0.124674372375,
        "mean": 0.00983129441738,
        "median": 0.0066580446437,
        "min": 3.17289271924e-022,
        "var": 0.000125904203742
    },
    "spectral_entropy": {
        "dmean": 0.20405434072,
        "dmean2": 0.287208169699,
        "dvar": 0.0623415075243,
        "dvar2": 0.126868143678,
        "max": 9.80302238464,
        "mean": 7.47180461884,
        "median": 7.50007724762,
        "min": 5.67642354965,
        "var": 0.318642616272
    },
    "spectral_flux": {
        "dmean": 0.0210351981223,
        "dmean2": 0.0306660514325,
        "dvar": 0.000806642579846,
        "dvar2": 0.00167444057297,
        "max": 0.395813256502,
        "mean": 0.0653135553002,
        "median": 0.0535161718726,
        "min": 1.04977020132e-010,
        "var": 0.00291317980736
    },
    "spectral_kurtosis": {
        "dmean": 1.21505272388,
        "dmean2": 1.87219488621,
        "dvar": 2.22356963158,
        "dvar2": 4.88954877853,
        "max": 27.7745227814,
        "mean": 4.21054553986,
        "median": 3.92319774628,
        "min": -1.29909741879,
        "var": 7.04600763321
    },
    "spectral_rms": {
        "dmean": 0.000603890104685,
        "dmean2": 0.00092878122814,
        "dvar": 7.50967103613e-007,
        "dvar2": 1.76627634119e-006,
        "max": 0.0137454392388,
        "mean": 0.00396269280463,
        "median": 0.00342290871777,
        "min": 3.27893116304e-012,
        "var": 5.54545295017e-006
    },
    "spectral_rolloff": {
        "dmean": 702.605957031,
        "dmean2": 1209.56225586,
        "dvar": 2616294.75,
        "dvar2": 6133130,
        "max": 21834.6679688,
        "mean": 2321.14624023,
        "median": 1291.9921875,
        "min": 86.1328125,
        "var": 11474866
    },
    "spectral_skewness": {
        "dmean": 0.201361566782,
        "dmean2": 0.298105686903,
        "dvar": 0.0520459450781,
        "dvar2": 0.103979729116,
        "max": 4.16187000275,
        "mean": 1.59109914303,
        "median": 1.60804700851,
        "min": -0.236046522856,
        "var": 0.288443356752
    },
    "spectral_spread": {
        "dmean": 765451.3125,
        "dmean2": 1120626.25,
        "dvar": 1.12274584371e+012,
        "dvar2": 2.2524615721e+012,
        "max": 40382712,
        "mean": 5677966,
        "median": 4998095,
        "min": 1915460.25,
        "var": 6.0323046359e+012
    },
    "spectral_strongpeak": {
        "dmean": 0.409790545702,
        "dmean2": 0.712215602398,
        "dvar": 0.586949706078,
        "dvar2": 1.59055745602,
        "max": 10.5145425797,
        "mean": 0.785588145256,
        "median": 0.555370807648,
        "min": 0,
        "var": 0.737099885941
    },
    "zerocrossingrate": {
        "dmean": 0.0157235339284,
        "dmean2": 0.0183874685317,
        "dvar": 0.000576637045015,
        "dvar2": 0.000686494633555,
        "max": 0.9169921875,
        "mean": 0.0906863883138,
        "median": 0.06396484375,
        "min": 0.0087890625,
        "var": 0.0103062298149
    },
    "barkbands": {
        "dmean": [0.000144593170262, 0.00320729846135, 0.00213953969069, 0.0017547783209, 0.00126391951926, 0.000852913362905, 0.000564500573091, 0.000404073944082, 0.000535081722774, 0.000210629339563, 0.000305399036733, 0.000209000951145, 0.000302850094158, 0.000166011595866, 0.00013060393394, 0.000229041499551, 0.000218696834054, 7.80035625212e-005, 9.75049697445e-005, 0.000100596495031, 6.90883607604e-005, 3.16408804792e-005, 8.03317016107e-005, 8.35985338199e-005, 5.1352668379e-005, 6.52855233056e-005, 5.62319746678e-006],
        "dmean2": [0.000229224286159, 0.0054567749612, 0.00373087101616, 0.00310320570134, 0.00213750614785, 0.00135193904862, 0.000863210589159, 0.000623034138698, 0.000791615981143, 0.000312286923872, 0.000461771269329, 0.000312500545988, 0.000469376944238, 0.000259266496869, 0.000208484896575, 0.000367522763554, 0.000348782079527, 0.000124001831864, 0.000162107491633, 0.000166465310031, 0.000115272792755, 4.800854731e-005, 0.00012521611643, 0.000123284131405, 7.71070335759e-005, 0.000105519095086, 9.46186537476e-006],
        "dvar": [1.00618137822e-007, 0.000107116626168, 4.00898970838e-005, 4.66155397589e-005, 8.7721973614e-006, 2.09494623959e-006, 7.69824680447e-007, 1.02845956462e-006, 1.6530625544e-006, 2.59090796817e-007, 9.40393761084e-007, 4.91792718549e-007, 6.14014595612e-007, 1.75030621108e-007, 7.59071667744e-008, 3.06586400711e-007, 3.16181882454e-007, 2.47866402958e-008, 4.3600952182e-008, 4.22656931676e-008, 2.91993131896e-008, 5.79059378225e-009, 3.83788716363e-008, 8.89544224947e-008, 1.9973091625e-008, 2.16771631756e-008, 2.25739052451e-010],
        "dvar2": [2.52481072494e-007, 0.000279924395727, 0.000119442782307, 0.000132069777464, 2.44827588176e-005, 5.30141960553e-006, 1.90964033209e-006, 2.41193083639e-006, 3.97088570026e-006, 5.36594825462e-007, 2.22990547627e-006, 1.08906317564e-006, 1.58227067004e-006, 3.99666049589e-007, 1.88234480447e-007, 7.41276267036e-007, 7.96071617515e-007, 6.35590353681e-008, 1.21784353269e-007, 1.15548061785e-007, 7.93551038214e-008, 1.2292859175e-008, 8.61435864863e-008, 1.68041438542e-007, 3.86020637677e-008, 5.50337482252e-008, 6.06976469086e-010],
        "max": [0.00662377476692, 0.131307423115, 0.0739872455597, 0.0813968032598, 0.0410901419818, 0.0215177573264, 0.0155577212572, 0.0211180243641, 0.030972506851, 0.0140955196694, 0.020254669711, 0.0176703091711, 0.0140307266265, 0.00954836700112, 0.0047292932868, 0.0130335353315, 0.0129160592332, 0.00328444712795, 0.00396174704656, 0.0025896851439, 0.00285611022264, 0.00288485409692, 0.0038104436826, 0.00722028687596, 0.00335842533968, 0.0018309148727, 0.000251075893175],
        "mean": [0.000181211216841, 0.00365054374561, 0.00350401853211, 0.00218798825517, 0.00242251064628, 0.00192644982599, 0.00140226609074, 0.000742569041904, 0.00107384484727, 0.000394231406972, 0.000609200447798, 0.000375652161893, 0.000502076931298, 0.000264272879576, 0.000251097837463, 0.000457866670331, 0.000504413619637, 0.000181010938832, 0.000217740569497, 0.000222835951718, 0.000145109981531, 6.19089551037e-005, 0.000148875333252, 0.000174587112269, 9.25643034861e-005, 7.80479094828e-005, 5.89665614825e-006],
        "median": [5.09864075866e-005, 0.000354407355189, 0.00105979433283, 0.000303363602143, 0.00119908305351, 0.00159531924874, 0.00105579406954, 0.000262260902673, 0.000228423683438, 8.9218498033e-005, 4.03486774303e-005, 5.48613097635e-005, 0.000125002959976, 8.77095881151e-005, 7.35025678296e-005, 0.000149922037963, 0.000157283211593, 6.09302078374e-005, 5.14268394909e-005, 7.03635596437e-005, 3.57334502041e-005, 2.11485239561e-005, 4.6711320465e-005, 3.92979563912e-005, 2.10450343729e-005, 2.16388471017e-005, 1.1227257346e-006],
        "min": [3.52450556896e-023, 8.58940310369e-024, 1.07448369429e-023, 1.33323582989e-023, 3.22986381205e-023, 3.73012184836e-023, 9.91674140945e-023, 4.40587840135e-023, 7.4192816209e-023, 1.10819419779e-022, 4.12017570067e-023, 1.32293034035e-022, 3.3543709909e-023, 8.15643868913e-023, 1.38030400466e-022, 1.7870222596e-022, 1.4923791774e-022, 3.05259812073e-022, 4.5642936618e-022, 2.98450743392e-022, 2.72449963687e-022, 5.07607430537e-022, 5.52096459288e-022, 1.04710634915e-021, 1.12496603697e-021, 1.64502393927e-021, 2.77533171314e-021],
        "var": [1.39721905157e-007, 0.000109981105197, 4.58936192445e-005, 3.79565717594e-005, 1.25746446429e-005, 3.79965149477e-006, 2.22584844778e-006, 2.45387150244e-006, 4.70305076306e-006, 7.33439492251e-007, 2.77479716715e-006, 1.12590930712e-006, 1.22153642224e-006, 3.43276866488e-007, 1.72227146322e-007, 1.11884821763e-006, 1.04224125153e-006, 7.01364513134e-008, 1.27839626884e-007, 1.19584612435e-007, 5.65121531793e-008, 1.37502675912e-008, 8.10437228438e-008, 2.61499138787e-007, 5.36608766311e-008, 2.35358239564e-008, 1.96631072535e-010]
    },
    "erbbands": {
        "dmean": [0.0784818902612, 0.806525528431, 2.3342871666, 4.07347011566, 4.83283615112, 4.53383874893, 6.22033834457, 7.03564023972, 7.2646446228, 8.09158039093, 9.47462272644, 12.5915145874, 6.52354955673, 8.14515113831, 12.2096176147, 7.03326702118, 13.9045372009, 7.51128673553, 7.07800149918, 6.56901502609, 13.6613435745, 10.3388395309, 4.86983776093, 3.62345600128, 5.86841964722, 4.32045984268, 3.52349567413, 2.13389968872, 1.10177183151, 1.40182137489, 2.38967299461, 2.10016822815, 1.37452924252, 0.67089921236, 0.349854886532, 0.420707643032, 0.0762164071202, 0.0118732927367, 0.000913108873647, 5.4771797295e-005],
        "dmean2": [0.129474833608, 1.38189423084, 4.04986763, 7.23245191574, 8.37694263458, 7.50893354416, 10.2340583801, 11.080083847, 11.12890625, 12.2118291855, 14.6288557053, 18.9760017395, 9.30662250519, 12.1269273758, 17.7444171906, 10.7347345352, 21.4442806244, 11.3745479584, 11.0429420471, 10.4634542465, 21.655664444, 16.1216659546, 7.72672367096, 5.95407247543, 9.75927352905, 7.05624771118, 5.78329372406, 3.57117700577, 1.67088603973, 2.15775442123, 3.70814943314, 3.14801287651, 2.03708124161, 0.991067647934, 0.549869477749, 0.679305076599, 0.12367323041, 0.0199609529227, 0.00152563373558, 8.81325904629e-005],
        "dvar": [0.0463346205652, 7.30254507065, 48.4751625061, 181.208465576, 377.723907471, 72.9531173706, 120.954795837, 163.175491333, 145.055175781, 187.292114258, 510.812286377, 988.305236816, 246.960220337, 414.323944092, 1108.64697266, 494.875457764, 1420.25805664, 479.855712891, 189.390319824, 210.897949219, 823.765380859, 545.746337891, 92.6316299438, 59.9298019409, 163.237075806, 79.5263214111, 49.5833091736, 40.8480300903, 5.53081941605, 15.5800657272, 37.2666320801, 39.9673728943, 30.7643070221, 5.57001495361, 0.570353329182, 1.15498399734, 0.0264738723636, 0.000936344091315, 6.02111322223e-006, 1.64787632428e-008],
        "dvar2": [0.117576025426, 19.5441150665, 140.104507446, 523.280212402, 1061.99597168, 202.224227905, 327.719360352, 405.734619141, 366.221679688, 425.506835938, 1259.94873047, 2332.98168945, 506.1902771, 1017.19885254, 2529.14672852, 1214.02502441, 3689.31689453, 1050.79089355, 444.216491699, 535.918823242, 1956.82958984, 1361.17175293, 232.211547852, 165.326904297, 454.51852417, 211.672073364, 131.493041992, 112.479530334, 11.833065033, 32.0555229187, 83.3663482666, 83.920211792, 61.7289161682, 10.3726797104, 1.33227407932, 2.95176243782, 0.0692226961255, 0.00249842996709, 1.61647512869e-005, 4.23332302546e-008],
        "max": [3.33072853088, 35.4129829407, 81.201675415, 138.16796875, 272.165252686, 112.284469604, 207.184814453, 243.065155029, 230.480987549, 213.553970337, 459.969329834, 722.108886719, 334.679534912, 520.848571777, 667.086364746, 693.610839844, 780.165405273, 591.565612793, 260.341308594, 251.301712036, 814.928894043, 706.493286133, 188.408432007, 113.240768433, 258.79208374, 162.825469971, 95.9993667603, 112.70879364, 60.2008628845, 170.077926636, 149.197555542, 148.609893799, 135.821472168, 56.5752830505, 14.6725358963, 15.2186784744, 2.27660298347, 0.435690522194, 0.0421025939286, 0.00141987053212],
        "mean": [0.0867251157761, 0.908954262733, 3.74004101753, 5.92736339569, 6.70128393173, 9.20779323578, 12.6498193741, 16.3278713226, 18.1834430695, 19.4284820557, 18.2982883453, 25.2908935547, 13.878991127, 16.2359085083, 25.9816684723, 13.7669839859, 24.1081237793, 13.4371585846, 14.5034418106, 12.8646383286, 30.9651927948, 27.2418479919, 12.7312831879, 9.259765625, 13.111205101, 9.76416969299, 7.86656427383, 4.19913291931, 2.21801137924, 2.74990797043, 4.35047245026, 4.17181444168, 2.66025209427, 1.31027770042, 0.556581258774, 0.506989836693, 0.0895705670118, 0.0120886778459, 0.00102103839163, 8.40975626488e-005],
        "median": [0.0115815512836, 0.0938980877399, 1.14582240582, 1.3425321579, 1.15364289284, 4.68763208389, 9.27707195282, 13.634853363, 12.7462463379, 11.9925060272, 7.50627803802, 5.99830198288, 4.2856669426, 4.3714632988, 3.57254362106, 3.46256518364, 6.05107164383, 4.36223363876, 4.71719026566, 4.78848171234, 10.191411972, 9.16340827942, 4.22452831268, 2.3935303688, 3.31028032303, 3.4185833931, 2.00604867935, 0.939287602901, 0.803606629372, 0.693241477013, 1.37259829044, 1.13584804535, 0.569775402546, 0.277982532978, 0.138916537166, 0.146973535419, 0.0195257347077, 0.00176596827805, 0.000219179870328, 3.41603226843e-005],
        "min": [2.73716987897e-022, 2.36760275699e-021, 9.37988402629e-021, 3.66830529419e-020, 5.98190200252e-020, 1.42565935667e-019, 1.44079081652e-019, 4.44397665914e-019, 9.18101306955e-019, 1.62002351031e-018, 1.16796454926e-018, 1.77002795811e-018, 2.82573086336e-018, 2.30341159467e-018, 2.25636900606e-018, 5.49542444392e-018, 2.03871028314e-018, 2.95222518379e-018, 7.72484287165e-018, 8.41041926232e-018, 7.14717798215e-018, 1.01396527406e-017, 1.5838075165e-017, 1.53566461224e-017, 2.63219078323e-017, 1.45125595924e-017, 1.14882367261e-017, 1.12067099405e-017, 2.0965651977e-017, 1.51396022014e-017, 1.58032210827e-017, 1.7652891231e-017, 1.90219909501e-017, 1.02966723003e-017, 9.31776856548e-018, 4.53916022883e-018, 3.49405847031e-018, 1.67209670122e-018, 3.71982268435e-019, 3.97497087407e-020],
        "var": [0.0551496706903, 6.92177343369, 56.0676231384, 162.528823853, 318.22833252, 139.09576416, 216.995941162, 313.770568848, 438.006103516, 495.749511719, 1236.60253906, 2824.98583984, 753.201843262, 981.503417969, 3590.32275391, 943.270874023, 2901.94848633, 1060.13195801, 502.794616699, 422.388977051, 4900.80224609, 2817.45410156, 362.05291748, 211.352020264, 461.220733643, 213.118087769, 149.041793823, 58.3639755249, 14.0930213928, 36.8962745667, 77.6159744263, 105.501480103, 77.4816513062, 14.8421506882, 1.24337148666, 1.16365301609, 0.0320314206183, 0.000843045476358, 5.47855779587e-006, 1.94457285829e-008]
    },
    "gfcc": {
        "mean": [-35.6266784668, 68.00415802, -102.58065033, 25.0458011627, -62.4358406067, 3.90480661392, -51.6319389343, 10.5454502106, -21.9186782837, 4.09115934372, -14.9692964554, -0.871073901653, -12.3248386383],
        "cov": [[23827.6210938, 3422.30932617, -704.439697266, 589.938354492, 251.814407349, 419.97467041, -71.7282180786, 597.548461914, -804.136901855, -127.409843445, -135.332794189, 284.994934082, -176.611679077], [3422.30932617, 1984.4609375, -754.689086914, -282.857788086, 70.313659668, -163.110794067, -49.6958122253, 49.7378692627, -148.375961304, -144.251617432, 60.1768417358, -96.3272781372, 23.4280338287], [-704.439697266, -754.689086914, 1514.6953125, 368.616912842, 239.054626465, 225.309539795, 55.453327179, 143.441604614, 106.602172852, 69.8222198486, -0.760340213776, 273.439422607, -33.0117340088], [589.938354492, -282.857788086, 368.616912842, 603.150512695, 141.210067749, 94.9862136841, -11.9079961777, 29.1529827118, 50.8306694031, 42.4877700806, 2.57503604889, 65.271697998, 42.9628105164], [251.814407349, 70.313659668, 239.054626465, 141.210067749, 383.301422119, 68.0031661987, 82.9448471069, 64.499710083, 10.7238168716, 21.27202034, 4.07786226273, 59.6799087524, -8.26107788086], [419.97467041, -163.110794067, 225.309539795, 94.9862136841, 68.0031661987, 316.286254883, 181.855148315, 14.7722167969, -27.4188556671, 28.9659175873, 38.904296875, 72.257850647, 8.28429698944], [-71.7282180786, -49.6958122253, 55.453327179, -11.9079961777, 82.9448471069, 181.855148315, 325.765014648, 43.2285461426, -48.71925354, -4.15418958664, 25.4563503265, 48.422000885, 9.28928852081], [597.548461914, 49.7378692627, 143.441604614, 29.1529827118, 64.499710083, 14.7722167969, 43.2285461426, 173.11769104, 27.3353252411, -12.564250946, 6.30996799469, 61.9562835693, -5.77726888657], [-804.136901855, -148.375961304, 106.602172852, 50.8306694031, 10.7238168716, -27.4188556671, -48.71925354, 27.3353252411, 166.662536621, 67.372833252, 2.25479197502, 6.32878446579, 18.6062717438], [-127.409843445, -144.251617432, 69.8222198486, 42.4877700806, 21.27202034, 28.9659175873, -4.15418958664, -12.564250946, 67.372833252, 133.195846558, 13.2860870361, 12.7996053696, -4.91750383377], [-135.332794189, 60.1768417358, -0.760340213776, 2.57503604889, 4.07786226273, 38.904296875, 25.4563503265, 6.30996799469, 2.25479197502, 13.2860870361, 88.9756698608, 26.0349559784, 14.7220621109], [284.994934082, -96.3272781372, 273.439422607, 65.271697998, 59.6799087524, 72.257850647, 48.422000885, 61.9562835693, 6.32878446579, 12.7996053696, 26.0349559784, 172.309524536, -1.55529975891], [-176.611679077, 23.4280338287, -33.0117340088, 42.9628105164, -8.26107788086, 8.28429698944, 9.28928852081, -5.77726888657, 18.6062717438, -4.91750383377, 14.7220621109, -1.55529975891, 89.6870422363]],
        "icov": [[0.000158948867465, -0.000308452930767, 0.000123822741443, -0.00031385695911, 0.00016843782214, -0.000478893314721, 0.000379847129807, -0.000711954664439, 0.000864717760123, -0.000595888996031, 0.000726028287318, -0.000316346850013, 0.000227317723329], [-0.000308452930767, 0.00143550673965, 0.000156732290634, 0.000847027695272, -0.000861947133671, 0.00102793821134, -0.000370379857486, 0.000818418746348, -0.00114180136006, 0.0015842783032, -0.00210343766958, 0.000655827810988, -0.000733321416192], [0.000123822741443, 0.000156732290634, 0.00153525720816, -0.000538747292012, -0.000403466925491, -0.00102583598346, 0.000784701434895, -0.00103304209188, 0.000197801025934, -0.000118721764011, 0.000831063196529, -0.00174605904613, 0.000721589487512], [-0.00031385695911, 0.000847027695272, -0.000538747292012, 0.00297373090871, -0.00112520437688, 0.000346990622347, 2.39904529735e-005, 0.00122543016914, -0.00157010927796, 0.00096100702649, -0.00132284534629, 0.000686835322995, -0.00191387871746], [0.00016843782214, -0.000861947133671, -0.000403466925491, -0.00112520437688, 0.00383698567748, -0.000324049266055, -0.000679149641655, -0.00113038159907, 0.000763161689974, -0.00131211068947, 0.00125644437503, -0.000402135745389, 0.000884746201336], [-0.000478893314721, 0.00102793821134, -0.00102583598346, 0.000346990622347, -0.000324049266055, 0.00748458504677, -0.00420387834311, 0.00286341761239, -0.00142744078767, 0.000657725613564, -0.00377678521909, 0.000554702943191, -0.000894914963283], [0.000379847129807, -0.000370379857486, 0.000784701434895, 2.39904529735e-005, -0.000679149641655, -0.00420387834311, 0.00643174909055, -0.00318225030787, 0.00334308994934, -0.00130058755167, 0.00157472351566, -0.00102304376196, -0.000464408803964], [-0.000711954664439, 0.000818418746348, -0.00103304209188, 0.00122543016914, -0.00113038159907, 0.00286341761239, -0.00318225030787, 0.0113871954381, -0.00646191928536, 0.00455181533471, -0.00308230798692, -0.000832512567285, 0.00019315163081], [0.000864717760123, -0.00114180136006, 0.000197801025934, -0.00157010927796, 0.000763161689974, -0.00142744078767, 0.00334308994934, -0.00646191928536, 0.0147321727127, -0.00814733654261, 0.00353372027166, -0.000555685197469, -0.00182707642671], [-0.000595888996031, 0.0015842783032, -0.000118721764011, 0.00096100702649, -0.00131211068947, 0.000657725613564, -0.00130058755167, 0.00455181533471, -0.00814733654261, 0.0134139414877, -0.00436668051407, 0.000577478145715, 0.00130749610253], [0.000726028287318, -0.00210343766958, 0.000831063196529, -0.00132284534629, 0.00125644437503, -0.00377678521909, 0.00157472351566, -0.00308230798692, 0.00353372027166, -0.00436668051407, 0.0169673897326, -0.00375639484264, -0.000801176181994], [-0.000316346850013, 0.000655827810988, -0.00174605904613, 0.000686835322995, -0.000402135745389, 0.000554702943191, -0.00102304376196, -0.000832512567285, -0.000555685197469, 0.000577478145715, -0.00375639484264, 0.0102348420769, -0.000860868021846], [0.000227317723329, -0.000733321416192, 0.000721589487512, -0.00191387871746, 0.000884746201336, -0.000894914963283, -0.000464408803964, 0.00019315163081, -0.00182707642671, 0.00130749610253, -0.000801176181994, -0.000860868021846, 0.0137634947896]]
    },
    "melbands": {
        "dmean": [0.000792992359493, 0.00111245992593, 0.000741278810892, 0.0003042773169, 0.000210107813473, 0.000154785782797, 0.000112666748464, 8.87007918209e-005, 8.23780865176e-005, 7.58064197726e-005, 3.29713184328e-005, 3.4058750316e-005, 4.58314571006e-005, 2.77173621726e-005, 2.38069478655e-005, 2.74466128758e-005, 1.3976833543e-005, 1.29208183353e-005, 9.44711791817e-006, 9.99915209832e-006, 1.7878404833e-005, 1.16147166409e-005, 9.41169764701e-006, 3.34883020514e-006, 3.08343214783e-006, 4.53891925645e-006, 4.38791676061e-006, 3.02873718283e-006, 2.69819042842e-006, 1.84846646789e-006, 1.08144922706e-006, 6.47480419502e-007, 6.59232000544e-007, 8.87201224486e-007, 1.29679688143e-006, 1.81221366802e-006, 1.21408675113e-006, 1.00399984149e-006, 8.66138577749e-007, 5.3364027508e-007],
        "dmean2": [0.00133018649649, 0.00191228708718, 0.00131962425075, 0.000514184881467, 0.00034647519351, 0.000243528993451, 0.000172312720679, 0.000133930370794, 0.000126848346554, 0.000113571266411, 4.69454498671e-005, 5.04296986037e-005, 6.8148925493e-005, 4.09087442677e-005, 3.72196482203e-005, 4.23491073889e-005, 2.15167892748e-005, 2.03222589334e-005, 1.52446009452e-005, 1.58969578479e-005, 2.81097545667e-005, 1.80299084604e-005, 1.50490104716e-005, 5.38105723535e-006, 5.10310928803e-006, 7.6492306107e-006, 7.25235713617e-006, 4.97841938341e-006, 4.44667284683e-006, 3.0872665775e-006, 1.80998517862e-006, 9.96344169835e-007, 1.01579689726e-006, 1.38836628594e-006, 2.04365392165e-006, 2.84491989078e-006, 1.82280700756e-006, 1.51647736857e-006, 1.25197618672e-006, 8.19116223738e-007],
        "dvar": [5.69013582208e-006, 1.15777829706e-005, 6.88291174811e-006, 7.06526634531e-007, 1.29595434828e-007, 7.56019034043e-008, 3.30255218728e-008, 2.63932786737e-008, 3.7729606106e-008, 3.39561694318e-008, 6.4323142368e-009, 6.93633861459e-009, 1.91868760879e-008, 9.3907139842e-009, 4.10719858124e-009, 4.98174923536e-009, 1.72794867304e-009, 6.53760989788e-010, 4.31249924659e-010, 3.68684360819e-010, 1.5900949446e-009, 7.12574055317e-010, 4.64772803577e-010, 5.44835045135e-011, 4.3796105631e-011, 9.41651687181e-011, 9.14460104862e-011, 3.68163798059e-011, 2.62534213119e-011, 2.84717249777e-011, 9.784445823e-012, 1.77195356912e-012, 3.3969142603e-012, 5.86926470966e-012, 1.1553920147e-011, 2.14158066281e-011, 1.87869043239e-011, 1.68641905995e-011, 1.10912633244e-011, 3.12885524781e-012],
        "dvar2": [1.46769516505e-005, 3.18554375554e-005, 1.96577148017e-005, 1.98113411898e-006, 3.50836018015e-007, 1.88364964515e-007, 8.23055827937e-008, 5.99326455131e-008, 9.59999297834e-008, 7.88261971252e-008, 1.29557502504e-008, 1.66455595974e-008, 4.44688730283e-008, 2.10386463806e-008, 1.03112389738e-008, 1.26767636388e-008, 3.86236420624e-009, 1.53864265773e-009, 1.12985731882e-009, 9.51517087344e-010, 3.63480068266e-009, 1.78095915793e-009, 1.15712550652e-009, 1.44912970512e-010, 1.210051781e-010, 2.63906535514e-010, 2.52460941041e-010, 9.78326308854e-011, 7.01086966259e-011, 7.76109593259e-011, 2.69615319654e-011, 4.05360293942e-012, 7.31372167689e-012, 1.24945141039e-011, 2.61274162028e-011, 5.11780930135e-011, 3.99634769721e-011, 3.37278642515e-011, 2.15557485056e-011, 6.02793813129e-012],
        "max": [0.028177537024, 0.0431148447096, 0.0296220779419, 0.0117828296497, 0.00676629925147, 0.00477594742551, 0.00357442512177, 0.00300460285507, 0.0049357181415, 0.00390178523958, 0.0017720523756, 0.00193778087851, 0.0031138472259, 0.00259360368364, 0.00138001376763, 0.00137581361923, 0.00118728214875, 0.000463759497507, 0.00037305711885, 0.000340273720212, 0.00130553671625, 0.000808609707747, 0.000601529784035, 0.000193218613276, 9.34777417569e-005, 0.000131818815134, 0.000197518922505, 9.39662568271e-005, 6.15534954704e-005, 0.000102188394521, 4.95754393341e-005, 2.08264918911e-005, 8.28241900308e-005, 9.50955436565e-005, 8.24132584967e-005, 9.7396041383e-005, 0.000106137980765, 9.98854811769e-005, 7.71620252635e-005, 4.5515353122e-005],
        "mean": [0.000897970458027, 0.00172758719418, 0.00108782097232, 0.000555939448532, 0.000451477448223, 0.000357590120984, 0.000284392561298, 0.000204304538784, 0.00015803212591, 0.000149898507516, 6.66815903969e-005, 6.323823618e-005, 9.61407131399e-005, 4.96394313814e-005, 4.18587660533e-005, 4.48253231298e-005, 2.25981330004e-005, 2.40479803324e-005, 1.70016119228e-005, 1.8124048438e-005, 4.04153906857e-005, 2.8674638088e-005, 2.01251750696e-005, 7.65955428506e-006, 6.97896621205e-006, 9.52784739638e-006, 8.72935561347e-006, 6.00047451371e-006, 5.57980183657e-006, 3.47335867446e-006, 1.96416522158e-006, 1.21652703911e-006, 1.16945136597e-006, 1.67800396866e-006, 2.23990446102e-006, 3.17814601658e-006, 2.2952647214e-006, 1.90068669781e-006, 1.52760549099e-006, 9.7637609997e-007],
        "median": [0.000100449775346, 0.00046547933016, 0.000225493480684, 0.000250765006058, 0.000340992992278, 0.00029485207051, 0.000204205018235, 0.000117937335745, 5.74913356104e-005, 3.24050779454e-005, 1.59154533321e-005, 1.6131421944e-005, 1.1084959624e-005, 7.03002388036e-006, 9.89855288935e-006, 1.20687691378e-005, 6.34359821561e-006, 7.25899099052e-006, 5.16688123753e-006, 7.23589619156e-006, 1.16387536764e-005, 9.20133243199e-006, 6.13995052845e-006, 2.30578734772e-006, 1.66640393218e-006, 2.06221920962e-006, 2.62673256657e-006, 2.05367518902e-006, 1.33994285534e-006, 7.23244681922e-007, 4.40558181936e-007, 4.60304875105e-007, 3.43405304193e-007, 3.79058803901e-007, 6.41273231849e-007, 1.05618505586e-006, 5.0357522241e-007, 3.8405801206e-007, 2.93015602892e-007, 2.00024345531e-007],
        "min": [4.24924304775e-024, 4.30872237115e-024, 6.43990031522e-024, 7.47073523122e-024, 5.2306877769e-024, 8.68080762792e-024, 1.60562113853e-023, 1.68244325338e-023, 9.84958631168e-024, 1.06902288356e-023, 1.5062874578e-023, 1.07550077265e-023, 6.67492525028e-024, 1.2589734109e-023, 1.03060780294e-023, 3.07164213806e-024, 5.48440082681e-024, 1.29383498868e-023, 1.01928891113e-023, 1.43203245411e-023, 6.18430701535e-024, 9.20593971075e-024, 1.26183216394e-023, 1.58036023463e-023, 1.17513067065e-023, 1.63613506721e-023, 1.76293925124e-023, 8.28980714253e-024, 6.47406666989e-024, 7.86708103811e-024, 5.60671252687e-024, 1.32565030119e-023, 8.1544646436e-024, 8.38183171143e-024, 9.12086185099e-024, 9.60588272337e-024, 1.08334788762e-023, 1.23616783656e-023, 1.38088113529e-023, 6.51934649699e-024],
        "var": [6.24483072897e-006, 1.33485827973e-005, 6.04515071245e-006, 8.59268141085e-007, 2.385116602e-007, 1.4487066835e-007, 1.01457956703e-007, 7.0031582311e-008, 9.4729614375e-008, 9.43142239862e-008, 2.00253520433e-008, 1.57201149875e-008, 5.97662150881e-008, 2.13343067657e-008, 8.66318661252e-009, 9.55141921111e-009, 3.46584183575e-009, 1.53342127884e-009, 8.17502177064e-010, 7.69340369189e-010, 1.09899360723e-008, 3.60060159466e-009, 1.37263200806e-009, 1.41621714356e-010, 1.3028153556e-010, 2.59282789683e-010, 2.06037839567e-010, 8.69461655451e-011, 8.0861754792e-011, 4.11317958859e-011, 1.34402653937e-011, 4.01481278778e-012, 7.09710415436e-012, 1.36603636389e-011, 2.26093588296e-011, 4.23951707074e-011, 4.34885322198e-011, 4.12134527894e-011, 2.82628122295e-011, 7.82835081481e-012]
    },
    "mfcc": {
        "mean": [-678.561218262, 105.974731445, 10.0833492279, 18.6578350067, 8.48179721832, -7.34782743454, -10.8993825912, -4.50655698776, -6.40541744232, 3.68836760521, -9.07594203949, 6.60125160217, 1.08283257484],
        "cov": [[14026.1660156, 2310.04907227, -254.290145874, 626.078125, 356.019836426, -93.0687179565, 620.003662109, 282.805511475, 93.5222930908, -23.607460022, -101.764328003, 20.2264442444, -31.2760238647], [2310.04907227, 1704.97119141, -348.199188232, -47.4477577209, 46.246383667, -253.135650635, 52.7001037598, 14.9812030792, -76.8984985352, -43.4447555542, -60.5906600952, -19.4199733734, 16.4627990723], [-254.290145874, -348.199188232, 848.657958984, 146.709579468, 169.619857788, 130.201599121, -12.7920446396, 154.381866455, 61.2408370972, 21.606552124, 8.82689380646, 55.069568634, 2.14642739296], [626.078125, -47.4477577209, 146.709579468, 414.200714111, 221.172210693, 32.5909385681, -5.09553813934, 54.1890182495, 49.4849967957, 18.6513767242, -5.32180452347, 12.1919269562, 15.6172895432], [356.019836426, 46.246383667, 169.619857788, 221.172210693, 349.203094482, 23.8923988342, -25.8755111694, 44.5426635742, 24.4252948761, 43.1006965637, 0.640087425709, 8.39207553864, -6.19350194931], [-93.0687179565, -253.135650635, 130.201599121, 32.5909385681, 23.8923988342, 328.534393311, 129.680419922, 50.192199707, 44.0593566895, 20.5069618225, 37.4419746399, 33.1953659058, 15.6770563126], [620.003662109, 52.7001037598, -12.7920446396, -5.09553813934, -25.8755111694, 129.680419922, 329.61618042, 146.304946899, 45.903591156, -23.1483230591, 22.5939216614, -7.41336774826, 2.84853315353], [282.805511475, 14.9812030792, 154.381866455, 54.1890182495, 44.5426635742, 50.192199707, 146.304946899, 282.13079834, 45.6979293823, -1.96880269051, 5.82840013504, 7.34341049194, 6.52206659317], [93.5222930908, -76.8984985352, 61.2408370972, 49.4849967957, 24.4252948761, 44.0593566895, 45.903591156, 45.6979293823, 125.623451233, 30.0911579132, 1.59120047092, 5.75547075272, 12.3168115616], [-23.607460022, -43.4447555542, 21.606552124, 18.6513767242, 43.1006965637, 20.5069618225, -23.1483230591, -1.96880269051, 30.0911579132, 104.657363892, 30.7941131592, 7.21907520294, -5.13037967682], [-101.764328003, -60.5906600952, 8.82689380646, -5.32180452347, 0.640087425709, 37.4419746399, 22.5939216614, 5.82840013504, 1.59120047092, 30.7941131592, 94.718170166, 28.7993869781, 3.50392842293], [20.2264442444, -19.4199733734, 55.069568634, 12.1919269562, 8.39207553864, 33.1953659058, -7.41336774826, 7.34341049194, 5.75547075272, 7.21907520294, 28.7993869781, 87.5195770264, 33.9100799561], [-31.2760238647, 16.4627990723, 2.14642739296, 15.6172895432, -6.19350194931, 15.6770563126, 2.84853315353, 6.52206659317, 12.3168115616, -5.13037967682, 3.50392842293, 33.9100799561, 81.5040512085]],
